1412521370.515889, 944, 438
1412521371.042313, 943, 440
1412521371.071448, 941, 445
1412521371.101179, 935, 450
1412521371.131141, 920, 459
1412521371.170454, 865, 479
1412521371.201937, 793, 493
1412521371.231329, 759, 496
1412521371.262843, 659, 488
1412521371.302434, 564, 467
1412521371.331941, 475, 438
1412521371.370988, 429, 416
1412521371.403407, 341, 370
1412521371.446561, 311, 348
1412521371.47805, 307, 344
1412521371.615038, 318, 345
1412521371.647764, 329, 347
1412521371.678203, 349, 352
1412521371.719479, 365, 355
1412521371.752395, 374, 357
1412521372.097847, 379, 357
1412521372.12976, 381, 358
1412521372.954063, 378, 352
1412521373.000173, 382, 345
1412521373.032388, 389, 339
1412521373.063317, 426, 328
1412521373.09781, 548, 341
1412521373.145907, 632, 365
1412521373.178944, 707, 392
1412521373.210347, 739, 414
1412521373.242134, 745, 421
1412521376.340185, 745, 404
1412521376.371782, 740, 372
1412521376.411704, 735, 333
1412521376.441797, 720, 272
1412521376.471857, 712, 226
1412521376.507479, 706, 170
1412521376.687459, 707, 144
1412521376.718322, 708, 142
1412521376.749491, 709, 140
1412521377.156519, 703, 169
1412521377.188439, 672, 371
1412521377.22356, 638, 413
1412521377.258963, 594, 379
1412521377.299647, 565, 279
1412521377.333818, 563, 75
1412521377.368017, 602, 7
1412521377.401179, 681, 0
1412521377.510554, 781, 3
1412521377.765379, 776, 20
1412521377.799397, 770, 33
1412521377.831523, 755, 46
1412521377.905811, 744, 42
1412521377.937485, 741, 36
1412521377.969005, 735, 21
1412521378.011151, 733, 14
1412521378.664106, 730, 32
1412521378.739344, 714, 30
1412521380.232881, 655, 5
1412521380.380049, 665, 6
1412521380.413884, 672, 14
1412521380.447631, 684, 23
1412521380.528101, 689, 24
1412521380.560079, 692, 26
1412521380.594347, 694, 27
1412521381.262941, 712, 26
1412521382.352654, 720, 872
1412521382.386955, 683, 743
1412521382.435037, 627, 436
1412521382.468627, 581, 259
1412521382.501722, 571, 235
1412521382.534532, 557, 254
1412521382.580915, 520, 339
1412521382.611372, 483, 419
1412521382.642521, 431, 547
1412521382.674075, 406, 636
1412521382.751262, 424, 762
1412521382.81597, 473, 447
1412521382.858325, 543, 260
1412521382.894192, 610, 307
1412521382.928585, 629, 461
1412521382.961746, 631, 746
1412521383.003238, 619, 772
1412521383.03905, 571, 664
1412521383.071501, 508, 383
1412521383.103594, 506, 228
1412521383.145084, 535, 227
1412521383.176825, 547, 321
1412521383.291475, 525, 462
1412521383.322005, 520, 208
1412521383.356419, 535, 71
1412521383.389162, 593, 323
1412521383.433883, 615, 502
1412521383.4661, 628, 634
1412521383.570664, 648, 341
1412521383.602008, 681, 325
1412521383.631802, 697, 360
1412521383.662216, 724, 508
1412521383.704208, 726, 545
1412521383.771212, 727, 541
1412521383.800811, 729, 521
1412521383.914133, 731, 504
1412521383.943719, 736, 457
1412521389.806094, 737, 472
1412521389.89143, 666, 509
1412521390.045465, 479, 510
1412521390.12321, 474, 508
1412521408.453411, 520, 462
1412521419.532995, 519, 463
1412521419.580836, 515, 467
1412521419.618714, 505, 470
1412521419.652281, 480, 472
1412521419.731854, 408, 468
1412521419.770853, 396, 465
1412521419.804187, 393, 464
1412521419.88246, 392, 456
1412521441.072068, 389, 459
1412521441.224872, 387, 456
1412521441.262336, 386, 414
1412521441.348374, 391, 340
1412521441.38242, 402, 319
1412521441.421822, 410, 311
1412521441.466646, 415, 310
1412521441.536314, 428, 312
1412521441.575105, 432, 319
1412521441.622485, 433, 322
1412521442.092447, 437, 313
1412521442.129498, 438, 309
1412521442.202856, 439, 306
1412521444.749768, 425, 310
1412521444.786012, 355, 361
1412521444.836627, 283, 420
1412521444.88197, 214, 503
1412521444.917015, 129, 593
1412521444.954679, 0, 826
1412521445.17509, 39, 641
1412521445.223918, 128, 524
1412521445.25817, 292, 430
1412521445.294196, 517, 414
1412521445.332182, 820, 495
1412521445.380059, 936, 550
1412521445.420537, 948, 559
1412521445.539411, 927, 527
1412521445.576856, 898, 506
1412521445.612764, 876, 493
1412521445.648362, 849, 482
1412521445.69703, 835, 481
1412522439.355451, 834, 479
1412522439.435043, 833, 478
1412522440.854202, 830, 470
1412522440.950736, 825, 458
1412522441.024572, 817, 440
1412522441.099653, 813, 429
1412522441.174702, 811, 419
1412522441.348078, 809, 412
1412522441.418182, 808, 408
1412522441.497071, 807, 405
1412522441.61832, 806, 400
1412522441.723895, 805, 399
1412522441.799464, 804, 395
1412522441.873774, 802, 389
1412522446.470169, 802, 362
1412522447.122356, 812, 354
1412522447.195651, 872, 367
1412522447.293642, 929, 382
1412522447.36849, 941, 383
1412522447.439784, 942, 382
1412522447.514222, 944, 380
1412522447.619457, 951, 376
1412522447.69488, 967, 370
1412522447.767629, 978, 366
1412522447.838151, 983, 364
1412522447.937242, 984, 363
1412522448.125518, 990, 359
1412522448.208224, 1002, 351
1412522448.312355, 1018, 340
1412522448.391578, 1033, 323
1412522448.462724, 1043, 300
1412522448.540209, 1047, 267
1412522448.647172, 1049, 257
1412522448.717453, 1050, 248
1412522448.787537, 1048, 230
1412522448.856979, 1029, 206
1412522448.952826, 1010, 190
1412522449.025089, 984, 172
1412522449.107311, 959, 159
1412522449.191134, 913, 141
1412522449.291916, 883, 132
1412522449.362096, 849, 120
1412522449.432977, 842, 116
1412522449.504468, 843, 117
1412522449.742553, 863, 121
1412522449.81444, 894, 132
1412522450.087681, 902, 137
1412522450.157497, 928, 167
1412522450.236796, 940, 184
1412522450.421837, 938, 177
1412522450.496682, 935, 166
1412522450.567352, 934, 162
1412522451.748682, 938, 155
1412522451.822628, 939, 153
1412522451.894607, 941, 151
1412522451.966296, 943, 149
1412522452.105563, 945, 147
1412522452.194174, 946, 145
1412522452.356318, 948, 141
1412522452.467197, 952, 136
1412522452.540645, 966, 128
1412522452.615911, 983, 121
1412522452.684601, 1016, 110
1412522452.783732, 1042, 102
1412522452.853524, 1060, 96
1412522452.923976, 1084, 90
1412522452.995653, 1115, 83
1412522453.099454, 1124, 82
1412522453.317542, 1126, 82
1412522453.48474, 1128, 85
1412522453.552443, 1131, 87
1412522453.621875, 1133, 89
1412522453.718617, 1134, 90
1412522459.28711, 1135, 99
1412522459.38799, 1133, 125
1412522459.463429, 1129, 154
1412522459.53467, 1123, 186
1412522459.614852, 1115, 221
1412522459.712531, 1111, 232
1412522459.795201, 1108, 242
1412522460.57119, 1106, 236
1412522460.665976, 1103, 229
1412522475.612308, 1102, 247
1412522475.682812, 1100, 252
1412522475.920816, 1102, 264
1412522475.991583, 1109, 274
1412522494.746719, 1110, 273
1412522494.935078, 1109, 263
1412522495.006298, 1108, 261
1412522495.174374, 1107, 256
1412522495.387951, 1104, 250
1412522495.876353, 1108, 250
1412522495.94698, 1119, 271
1412522496.665026, 1127, 268
1412522496.769971, 1128, 267
1412522496.984267, 1130, 265
1412522497.24848, 1138, 259
1412522497.319911, 1161, 246
1412522497.390468, 1182, 236
1412522497.489781, 1183, 235
1412522497.56044, 1184, 234
1412522497.702078, 1196, 238
1412522497.803123, 1214, 247
1412522497.874279, 1235, 254
1412522497.948682, 1243, 255
1412522498.02458, 1244, 256
1412522498.191428, 1245, 257
1412524002.703739, 1244, 256
1412524003.484757, 1244, 257
1412524003.904724, 1243, 259
1412524004.013317, 1239, 261
1412524004.405533, 1237, 263
1412524006.249729, 1236, 256
1412524006.71538, 1240, 258
1412524006.819491, 1243, 261
1412524006.923716, 1244, 262
1412524007.029355, 1245, 263
1412524007.178252, 1246, 264
1412524007.284995, 1247, 265
1412524007.644586, 1249, 267
1412524007.876604, 1251, 270
1412524007.983865, 1252, 273
1412524008.236684, 1253, 289
1412524008.342471, 1254, 319
1412524008.452, 1246, 359
1412524008.619416, 1239, 370
1412524008.725953, 1238, 371
1412524009.523698, 1239, 368
1412524010.11029, 1240, 367
1412524014.099072, 1238, 367
1412524014.202839, 1235, 362
1412524014.456388, 1233, 359
1412524014.56829, 1228, 347
1412524014.673542, 1219, 317
1412524014.825684, 1218, 310
1412524015.147788, 1217, 304
1412524015.400006, 1216, 296
1412524015.506216, 1213, 285
1412524015.612613, 1200, 230
1412524015.905279, 1195, 208
1412524016.011327, 1192, 194
1412524016.117924, 1188, 173
1412524016.22853, 1183, 147
1412524016.378068, 1179, 130
1412524016.484673, 1177, 115
1412524016.598648, 1175, 103
1412524016.70319, 1172, 85
1412524016.849731, 1170, 75
1412524017.058868, 1171, 65
1412524017.311853, 1172, 60
1412524017.417357, 1173, 58
1412524017.626141, 1175, 52
1412524017.884302, 1176, 47
1412524018.09271, 1177, 42
1412524019.52337, 1178, 0
1412524032.342177, 1178, 24
1412524033.452007, 1179, 5
1412524033.557743, 1183, 3
1412524033.664512, 1184, 2
1412524034.020728, 1188, 1
1412524037.157675, 1187, 11
1412524037.266416, 1181, 27
1412524041.002448, 1183, 26
1412524041.154902, 1186, 25
1412524041.375616, 1193, 21
1412524041.486713, 1185, 50
1412524052.737618, 1187, 53
1412524052.993441, 1188, 54
1412524054.196251, 1190, 56
1412524054.698389, 1193, 58
1412524055.475734, 1194, 59
1412524055.97833, 1182, 58
1412524056.086612, 1170, 56
1412524056.192351, 1158, 53
1412524056.339761, 1169, 44
1412524056.551878, 1199, 59
1412524056.680731, 1294, 220
1412524076.646691, 1305, 196
1412524076.794264, 1354, 67
1412524076.903321, 1433, 0
1412524077.12907, 1166, 3
1412524077.283818, 1072, 0
1412524077.393954, 1044, 4
1412524077.506221, 1041, 7
1412524077.611708, 1040, 9
1412524077.757979, 1041, 12
1412524077.865713, 1042, 16
1412524078.256731, 1034, 22
1412524078.366213, 1001, 28
1412524078.475163, 969, 32
1412524078.585969, 966, 33
1412524078.738152, 964, 34
1412524078.846644, 932, 33
1412524078.954684, 917, 31
1412524079.325221, 949, 32
1412524079.442664, 1044, 40
1412524079.556035, 1178, 53
1412524079.707766, 1239, 60
1412524079.815118, 1256, 62
1412524079.92096, 1260, 63
1412524080.025216, 1261, 196
1412524080.3246, 1264, 211
1412524080.659716, 1263, 195
1412524080.812076, 1261, 189
1412524080.919416, 1260, 188
1412524088.329131, 1255, 190
1412524088.436816, 1217, 223
1412524088.596068, 1198, 240
1412524088.703622, 1197, 241
1412524107.370805, 1198, 240
1412524107.622909, 1199, 239
1412524146.948538, 1200, 238
1412524166.21477, 1202, 240
1412524167.546355, 1201, 241
1412524168.128087, 1194, 239
1412524168.23277, 1192, 237
1412524168.338915, 1190, 235
1412524168.801697, 1191, 235
1412524168.947311, 1192, 240
1412524169.052879, 1195, 254
1412524169.158022, 1202, 275
1412524169.262854, 1203, 277
1412524249.504079, 1208, 278
1412524249.615022, 1213, 280
1412524249.723203, 1226, 285
1412524249.846204, 1246, 294
1412526504.991583, 1123, 282
