1412493427.235201, 1062, 534
1412493427.618893, 1063, 533
1412493427.685314, 1057, 526
1412493427.715562, 984, 496
1412493427.749124, 876, 452
1412493427.781624, 662, 366
1412493427.83073, 530, 312
1412493427.861453, 295, 217
1412493427.900889, 196, 156
1412493428.10816, 192, 154
1412493428.137642, 184, 150
1412493428.167509, 172, 143
1412493428.195263, 110, 88
1412493428.23819, 68, 44
1412493428.26834, 62, 37
1412493428.369012, 59, 36
1412493428.834535, 62, 28
1412493428.864463, 73, 30
1412493428.894216, 93, 33
1412493428.963766, 130, 31
1412493428.993791, 136, 29
1412493429.023609, 137, 27
1412493429.151422, 142, 24
1412493429.220245, 153, 25
1412493429.250291, 161, 27
1412493429.464094, 179, 29
1412493429.495207, 225, 39
1412493429.5242, 254, 42
1412493429.553979, 309, 47
1412493429.592013, 317, 46
1412493429.62114, 321, 45
1412493429.650374, 327, 43
1412493429.67967, 330, 41
1412493429.809285, 328, 39
1412493429.849323, 326, 37
1412493429.879613, 324, 36
1412493429.908496, 323, 34
1412493430.084953, 389, 46
1412493430.123944, 435, 55
1412493430.153725, 462, 57
1412493430.215598, 485, 55
1412493430.255184, 487, 54
1412493430.284164, 488, 52
1412493430.314973, 489, 49
1412493430.417392, 486, 37
1412493430.47652, 482, 34
1412493430.507278, 471, 30
1412493430.548167, 463, 28
1412493430.723804, 469, 27
1412493430.75586, 479, 30
1412493430.788138, 494, 33
1412493430.959182, 513, 31
1412493430.989669, 515, 29
1412493431.119825, 522, 28
1412493431.149426, 526, 27
1412493431.370633, 540, 28
1412493431.400869, 557, 32
1412493431.43251, 602, 40
1412493431.461151, 638, 45
1412493431.501619, 664, 47
1412493431.532366, 669, 46
1412493431.662033, 672, 42
1412493431.69222, 674, 39
1412493431.722408, 676, 35
1412493431.769964, 677, 32
1412493431.801145, 679, 30
1412493431.905461, 681, 28
1412493431.973408, 686, 27
1412493432.007694, 746, 36
1412493432.084448, 787, 39
1412493432.151445, 853, 34
1412493432.188103, 870, 27
1412493432.232607, 876, 24
1412493432.261111, 877, 23
1412493432.426418, 869, 24
1412493432.455703, 857, 27
1412493432.500223, 854, 28
1412493432.630892, 851, 29
1412493432.79843, 841, 28
1412493433.03825, 844, 27
1412493433.281362, 871, 27
1412493433.369616, 878, 28
1412493433.462597, 884, 29
1412493433.710583, 891, 32
1412493433.738799, 903, 38
1412493433.766223, 973, 78
1412493433.803603, 1053, 122
1412493433.83339, 1138, 169
1412493433.863227, 1206, 205
1412493433.89766, 1257, 232
1412493433.934569, 1291, 251
1412493433.962507, 1297, 255
1412493433.99051, 1300, 257
1412493434.057574, 1303, 258
1412493434.085225, 1304, 260
1412493434.208245, 1306, 261
1412493434.260845, 1336, 275
1412493434.296917, 1398, 304
1412493434.324487, 1465, 339
1412493434.353861, 1484, 352
1412493434.383487, 1480, 348
1412493434.431615, 1469, 353
1412493434.463395, 1461, 356
1412493434.497971, 1422, 363
1412493434.526515, 1373, 365
1412493434.564319, 1361, 363
1412493434.593765, 1363, 365
1412493434.620047, 1377, 354
1412493434.649121, 1468, 324
1412493434.688794, 1528, 308
1412493434.717505, 1599, 287
1412493434.849456, 1597, 264
1412493435.155818, 1599, 269
1412493435.445287, 1597, 718
1412493435.476959, 1595, 732
1412493435.62138, 1594, 739
1412493435.671266, 1592, 764
1412493435.70729, 1590, 829
1412493435.769441, 1591, 899
1412493435.905708, 1594, 897
1412493435.941354, 1599, 866
1412493436.438318, 1589, 107
1412493436.48022, 1570, 108
1412493436.510703, 1467, 110
1412493436.548064, 1403, 108
1412493436.577287, 1268, 87
1412493436.619791, 1175, 52
1412493436.651253, 1155, 38
1412493436.681032, 1125, 19
1412493436.712018, 1116, 16
1412493436.750577, 1109, 13
1412493436.834723, 1003, 21
1412493436.907001, 976, 23
1412493436.935552, 936, 24
1412493437.117001, 891, 25
1412493437.317372, 902, 27
1412493437.360894, 976, 45
1412493437.402092, 1087, 78
1412493437.4424, 1266, 117
1412493437.47047, 1356, 133
1412493437.49909, 1472, 149
1412493437.527406, 1537, 159
1412493437.565114, 1550, 161
1412493437.594147, 1553, 160
1412493437.745906, 1554, 164
1412493437.773919, 1557, 181
1412493437.819741, 1565, 232
1412493437.853939, 1570, 253
1412493437.880155, 1576, 268
1412493437.906648, 1580, 275
1412493438.209623, 1582, 277
1412493438.275497, 1583, 278
1412493438.53873, 1584, 283
1412493438.574443, 1585, 289
1412493438.613285, 1586, 292
1412493438.907987, 1586, 289
1412493438.944291, 1584, 275
1412493438.989413, 1585, 270
1412493439.182097, 1586, 263
1412493439.210001, 1585, 264
1412493439.309457, 1584, 266
1412493439.341831, 1582, 264
1412493439.382428, 1579, 256
1412493439.412263, 1576, 242
1412493439.575357, 1575, 238
1412493439.618757, 1572, 255
1412493439.665533, 1570, 288
1412493439.706227, 1568, 315
1412493439.741056, 1567, 345
1412493439.840263, 1568, 343
1412493439.874464, 1570, 341
1412493439.905244, 1575, 326
1412493439.956177, 1578, 313
1412493439.988187, 1582, 296
1412493440.020326, 1585, 284
1412493440.053364, 1586, 280
1412493440.23175, 1583, 280
1412493440.285828, 1575, 281
1412493440.327918, 1565, 284
1412493440.357879, 1550, 287
1412493440.387346, 1535, 290
1412493440.4289, 1533, 291
1412493440.491234, 1532, 289
1412493440.559442, 1531, 280
1412493440.623657, 1527, 281
1412493440.657065, 1518, 284
1412493440.697582, 1507, 290
1412493441.208726, 1490, 283
1412493441.249518, 1485, 282
1412493441.278687, 1481, 280
1412493441.314765, 1478, 282
1412493441.354284, 1476, 284
